rawdata/0831_1.bmp 1 333 115 129 168
rawdata/0831_10.bmp 1 306 160 133 166
rawdata/0831_100.bmp 1 252 165 154 199
rawdata/0831_1000.bmp 1 240 298 131 168
rawdata/0831_101.bmp 1 353 24 108 143
rawdata/0831_102.bmp 1 256 149 153 203
rawdata/0831_103.bmp 1 252 145 150 205
rawdata/0831_104.bmp 1 239 146 157 213
rawdata/0831_105.bmp 1 245 145 155 209
rawdata/0831_106.bmp 1 245 144 160 213
rawdata/0831_107.bmp 1 243 145 161 215
rawdata/0831_108.bmp 1 251 139 155 217
rawdata/0831_109.bmp 1 250 144 156 207
rawdata/0831_11.bmp 1 307 164 131 167
rawdata/0831_110.bmp 1 248 141 154 211
rawdata/0831_111.bmp 1 249 145 155 205
rawdata/0831_112.bmp 1 253 152 153 201
rawdata/0831_113.bmp 1 251 155 148 201
rawdata/0831_114.bmp 1 251 156 150 204
rawdata/0831_115.bmp 1 249 159 152 193
rawdata/0831_116.bmp 1 359 134 114 172
rawdata/0831_117.bmp 1 363 126 111 179
rawdata/0831_118.bmp 1 366 127 106 178
rawdata/0831_119.bmp 1 364 129 110 177
rawdata/0831_12.bmp 1 309 164 134 164
rawdata/0831_120.bmp 1 188 141 148 181
rawdata/0831_121.bmp 1 190 147 141 182
rawdata/0831_122.bmp 1 192 150 136 178
rawdata/0831_123.bmp 1 169 179 126 158
rawdata/0831_124.bmp 1 151 200 136 146
rawdata/0831_125.bmp 1
rawdata/0831_126.bmp 3 377 165 94 180 377 165 94 180
rawdata/0831_127.bmp 2
rawdata/0831_128.bmp 2
rawdata/0831_129.bmp 1 313 144 130 188
rawdata/0831_13.bmp 1 284 129 146 195
rawdata/0831_130.bmp 1 311 140 133 191
rawdata/0831_131.bmp 1 453 162 89 132
rawdata/0831_132.bmp 1 176 134 140 187
rawdata/0831_133.bmp 1 171 132 130 190
rawdata/0831_134.bmp 1 171 126 131 194
rawdata/0831_135.bmp 1 254 134 147 195
rawdata/0831_136.bmp 1 308 140 134 196
rawdata/0831_137.bmp 1 315 139 127 197
rawdata/0831_138.bmp 1 227 151 148 195
rawdata/0831_139.bmp 1 175 171 132 179
rawdata/0831_14.bmp 1 278 125 155 203
rawdata/0831_140.bmp 1 175 167 136 184
rawdata/0831_141.bmp 1 177 164 129 188
rawdata/0831_142.bmp 1 346 187 114 162
rawdata/0831_143.bmp 1 349 163 114 188
rawdata/0831_144.bmp 1 352 158 110 191
rawdata/0831_145.bmp 1 260 143 148 207
rawdata/0831_146.bmp 1 193 108 141 188
rawdata/0831_147.bmp 1 195 105 130 186
rawdata/0831_148.bmp 1 374 176 104 187
rawdata/0831_149.bmp 1 374 184 97 183
rawdata/0831_15.bmp 1 281 122 157 203
rawdata/0831_150.bmp 1 162 202 132 151
rawdata/0831_151.bmp 1 304 128 139 189
rawdata/0831_152.bmp 1 329 118 120 196
rawdata/0831_153.bmp 1 329 122 123 188
rawdata/0831_154.bmp 1 342 139 114 165
rawdata/0831_155.bmp 1 348 133 116 174
rawdata/0831_156.bmp 1 173 159 134 158
rawdata/0831_157.bmp 1 168 158 119 160
rawdata/0831_158.bmp 1 202 152 149 180
rawdata/0831_159.bmp 1 210 157 134 170
rawdata/0831_16.bmp 1 441 160 87 140
rawdata/0831_160.bmp 1 200 165 149 173
rawdata/0831_161.bmp 1 334 143 123 200
rawdata/0831_162.bmp 1 329 141 130 198
rawdata/0831_163.bmp 1 247 107 184 242
rawdata/0831_164.bmp 1 246 106 191 243
rawdata/0831_165.bmp 1 297 101 178 256
rawdata/0831_166.bmp 1 231 101 195 252
rawdata/0831_167.bmp 1 226 102 201 252
rawdata/0831_168.bmp 1 237 96 193 261
rawdata/0831_169.bmp 1 224 101 208 255
rawdata/0831_17.bmp 1 280 142 153 186
rawdata/0831_170.bmp 1 233 97 188 263
rawdata/0831_171.bmp 1 229 99 199 261
rawdata/0831_172.bmp 2 235 104 190 256 236 103 193 259
rawdata/0831_173.bmp 1 240 116 188 235
rawdata/0831_174.bmp 1 236 122 196 227
rawdata/0831_175.bmp 1 241 131 191 215
rawdata/0831_176.bmp 1 235 133 194 216
rawdata/0831_177.bmp 1 233 101 197 248
rawdata/0831_178.bmp 1 239 106 187 242
rawdata/0831_179.bmp 1 235 110 193 249
rawdata/0831_18.bmp 1 284 141 143 189
rawdata/0831_180.bmp 1 239 109 191 245
rawdata/0831_181.bmp 1 221 116 194 246
rawdata/0831_182.bmp 1 367 28 106 134
rawdata/0831_183.bmp 1 214 100 199 255
rawdata/0831_184.bmp 1 233 104 191 253
rawdata/0831_185.bmp 1 136 88 161 254
rawdata/0831_186.bmp 1 376 155 122 225
rawdata/0831_187.bmp 1 428 145 90 134
rawdata/0831_188.bmp 1 333 51 114 143
rawdata/0831_189.bmp 1 342 136 112 149
rawdata/0831_19.bmp 1 284 137 152 197
rawdata/0831_190.bmp 1 360 87 113 156
rawdata/0831_191.bmp 1 363 71 115 148
rawdata/0831_192.bmp 1 359 67 121 151
rawdata/0831_193.bmp 1 351 135 118 151
rawdata/0831_194.bmp 1 356 130 111 160
rawdata/0831_195.bmp 1 358 123 121 167
rawdata/0831_196.bmp 1 352 121 122 164
rawdata/0831_197.bmp 1 361 125 115 157
rawdata/0831_198.bmp 1 372 111 121 169
rawdata/0831_199.bmp 1 366 113 130 164
rawdata/0831_2.bmp 1 333 120 129 162
rawdata/0831_20.bmp 1 440 162 91 139
rawdata/0831_200.bmp 1 371 111 125 164
rawdata/0831_201.bmp 1 227 20 105 121
rawdata/0831_202.bmp 1 301 139 118 171
rawdata/0831_203.bmp 1 194 50 109 131
rawdata/0831_204.bmp 1 282 130 149 195
rawdata/0831_205.bmp 1 288 130 136 190
rawdata/0831_206.bmp 1 284 119 152 208
rawdata/0831_207.bmp 1 289 125 145 207
rawdata/0831_208.bmp 1 284 108 156 218
rawdata/0831_209.bmp 2 273 127 158 218 276 131 158 218
rawdata/0831_21.bmp 1 197 143 104 174
rawdata/0831_210.bmp 1 274 117 168 232
rawdata/0831_211.bmp 1 294 179 130 153
rawdata/0831_212.bmp 1 294 171 124 164
rawdata/0831_213.bmp 1 221 52 117 157
rawdata/0831_214.bmp 1 217 89 112 160
rawdata/0831_215.bmp 1 198 82 133 165
rawdata/0831_216.bmp 1 248 67 147 187
rawdata/0831_217.bmp 1 232 91 157 197
rawdata/0831_218.bmp 1 256 137 121 170
rawdata/0831_219.bmp 1 244 138 144 181
rawdata/0831_22.bmp 1 198 160 108 178
rawdata/0831_220.bmp 1 258 146 129 165
rawdata/0831_221.bmp 1 324 145 114 156
rawdata/0831_222.bmp 1 316 147 119 165
rawdata/0831_223.bmp 1 285 141 123 173
rawdata/0831_224.bmp 1 281 152 124 152
rawdata/0831_225.bmp 1 284 150 127 150
rawdata/0831_226.bmp 1 309 110 115 156
rawdata/0831_227.bmp 1 309 123 113 157
rawdata/0831_228.bmp 1 320 128 112 154
rawdata/0831_229.bmp 1 339 149 106 155
rawdata/0831_23.bmp 1 200 97 107 183
rawdata/0831_230.bmp 1 245 200 105 151
rawdata/0831_231.bmp 1 249 179 107 151
rawdata/0831_232.bmp 1 226 174 114 154
rawdata/0831_233.bmp 1 207 165 101 146
rawdata/0831_234.bmp 1 206 151 96 142
rawdata/0831_235.bmp 1 349 171 93 133
rawdata/0831_236.bmp 1 352 172 86 127
rawdata/0831_237.bmp 1 316 179 88 115
rawdata/0831_238.bmp 1 267 125 93 121
rawdata/0831_239.bmp 1 220 179 87 118
rawdata/0831_24.bmp 1 199 162 105 152
rawdata/0831_240.bmp 1 308 170 96 135
rawdata/0831_241.bmp 1 240 126 93 140
rawdata/0831_242.bmp 1 349 138 88 132
rawdata/0831_243.bmp 1 375 171 85 134
rawdata/0831_244.bmp 1 209 185 85 129
rawdata/0831_245.bmp 1 214 185 83 124
rawdata/0831_246.bmp 1 249 113 156 219
rawdata/0831_247.bmp 1 218 145 152 208
rawdata/0831_248.bmp 1 256 137 172 247
rawdata/0831_249.bmp 1 256 148 172 246
rawdata/0831_25.bmp 1 207 162 128 152
rawdata/0831_250.bmp 1 292 156 181 246
rawdata/0831_251.bmp 1 303 185 130 162
rawdata/0831_252.bmp 1 302 166 148 192
rawdata/0831_253.bmp 1 292 152 173 227
rawdata/0831_254.bmp 1 290 155 167 221
rawdata/0831_255.bmp 1 287 137 192 233
rawdata/0831_256.bmp 1 298 141 172 225
rawdata/0831_257.bmp 1 292 138 174 228
rawdata/0831_258.bmp 1 296 128 174 236
rawdata/0831_259.bmp 1 288 126 200 241
rawdata/0831_26.bmp 1 366 120 138 199
rawdata/0831_260.bmp 1 296 108 202 271
rawdata/0831_261.bmp 1 280 86 224 284
rawdata/0831_262.bmp 1 235 82 222 290
rawdata/0831_263.bmp 2 256 85 203 263 250 85 210 262
rawdata/0831_264.bmp 1 310 227 124 160
rawdata/0831_265.bmp 1 308 221 120 153
rawdata/0831_266.bmp 1 310 211 126 151
rawdata/0831_267.bmp 1 310 202 120 156
rawdata/0831_268.bmp 1 306 205 128 154
rawdata/0831_269.bmp 1 311 201 119 154
rawdata/0831_27.bmp 1 355 121 147 199
rawdata/0831_270.bmp 1 326 197 125 145
rawdata/0831_271.bmp 1 330 192 119 151
rawdata/0831_272.bmp 1 340 179 118 147
rawdata/0831_273.bmp 1 322 220 116 148
rawdata/0831_274.bmp 1 358 228 112 147
rawdata/0831_275.bmp 1 348 159 104 140
rawdata/0831_276.bmp 1 405 188 89 119
rawdata/0831_277.bmp 1 375 232 79 97
rawdata/0831_278.bmp 1 335 231 88 108
rawdata/0831_279.bmp 1 290 228 93 116
rawdata/0831_28.bmp 1 194 167 117 150
rawdata/0831_280.bmp 1 263 228 91 120
rawdata/0831_281.bmp 1 244 228 85 116
rawdata/0831_282.bmp 1 239 227 81 121
rawdata/0831_283.bmp 1 239 223 82 125
rawdata/0831_284.bmp 1 304 150 107 132
rawdata/0831_285.bmp 1 315 231 80 100
rawdata/0831_286.bmp 1 325 218 90 116
rawdata/0831_287.bmp 1 356 180 90 118
rawdata/0831_288.bmp 1 370 165 86 117
rawdata/0831_289.bmp 1 285 164 91 114
rawdata/0831_29.bmp 1 199 113 109 174
rawdata/0831_290.bmp 1 266 174 91 121
rawdata/0831_291.bmp 1 240 197 81 113
rawdata/0831_292.bmp 1 240 198 74 109
rawdata/0831_293.bmp 1 254 203 78 118
rawdata/0831_294.bmp 1 267 209 93 120
rawdata/0831_295.bmp 1 375 206 94 126
rawdata/0831_296.bmp 1 374 209 93 124
rawdata/0831_297.bmp 1 350 208 98 129
rawdata/0831_298.bmp 1 349 209 96 129
rawdata/0831_299.bmp 1 350 205 94 130
rawdata/0831_3.bmp 1 336 111 124 166
rawdata/0831_30.bmp 1 197 114 122 170
rawdata/0831_300.bmp 1 314 209 108 129
rawdata/0831_301.bmp 1 277 191 155 167
rawdata/0831_302.bmp 1 295 120 143 226
rawdata/0831_303.bmp 1 232 111 145 193
rawdata/0831_304.bmp 1 352 128 128 233
rawdata/0831_305.bmp 1 261 144 185 250
rawdata/0831_306.bmp 1 251 135 218 289
rawdata/0831_307.bmp 1 251 127 209 282
rawdata/0831_308.bmp 1 253 136 210 283
rawdata/0831_309.bmp 1 249 144 216 282
rawdata/0831_31.bmp 1 195 100 116 187
rawdata/0831_310.bmp 1 306 144 165 243
rawdata/0831_311.bmp 1 272 189 151 226
rawdata/0831_312.bmp 1 225 158 190 252
rawdata/0831_313.bmp 1 393 208 107 189
rawdata/0831_314.bmp 1 259 167 191 262
rawdata/0831_315.bmp 1 350 227 150 189
rawdata/0831_316.bmp 1 370 232 140 191
rawdata/0831_317.bmp 1 400 237 148 184
rawdata/0831_318.bmp 1 280 211 147 236
rawdata/0831_319.bmp 1 80 241 140 183
rawdata/0831_32.bmp 1 194 102 117 193
rawdata/0831_320.bmp 1 80 253 159 174
rawdata/0831_321.bmp 1 109 251 154 175
rawdata/0831_322.bmp 1 127 251 153 177
rawdata/0831_323.bmp 1 142 270 153 153
rawdata/0831_324.bmp 1 391 188 114 199
rawdata/0831_325.bmp 1 150 273 151 152
rawdata/0831_326.bmp 1 155 257 175 172
rawdata/0831_327.bmp 1 176 271 152 168
rawdata/0831_328.bmp 1 241 272 152 162
rawdata/0831_329.bmp 1 266 263 143 178
rawdata/0831_33.bmp 1 194 101 124 190
rawdata/0831_330.bmp 1 299 246 164 168
rawdata/0831_331.bmp 1 308 221 153 170
rawdata/0831_332.bmp 1 261 151 201 281
rawdata/0831_333.bmp 1 298 217 155 179
rawdata/0831_334.bmp 1 345 220 136 165
rawdata/0831_335.bmp 1 389 161 108 209
rawdata/0831_336.bmp 1 297 207 151 198
rawdata/0831_337.bmp 1 289 205 145 181
rawdata/0831_338.bmp 1 289 234 143 183
rawdata/0831_339.bmp 1 411 228 111 173
rawdata/0831_34.bmp 1 195 114 119 172
rawdata/0831_340.bmp 1 196 170 177 235
rawdata/0831_341.bmp 1 413 214 113 184
rawdata/0831_342.bmp 1 222 213 138 176
rawdata/0831_343.bmp 1 223 223 128 167
rawdata/0831_344.bmp 1 216 229 109 170
rawdata/0831_345.bmp 1 216 236 109 159
rawdata/0831_346.bmp 1 190 210 124 171
rawdata/0831_347.bmp 1 225 234 127 158
rawdata/0831_348.bmp 1 232 216 143 163
rawdata/0831_349.bmp 1 182 170 162 230
rawdata/0831_35.bmp 1 206 180 139 141
rawdata/0831_350.bmp 1 219 219 112 155
rawdata/0831_351.bmp 1 388 188 124 176
rawdata/0831_352.bmp 1 389 187 121 180
rawdata/0831_353.bmp 1 252 144 141 188
rawdata/0831_354.bmp 1 255 153 136 180
rawdata/0831_355.bmp 1 351 180 133 184
rawdata/0831_356.bmp 1 349 185 146 180
rawdata/0831_357.bmp 1 170 173 111 175
rawdata/0831_358.bmp 1 272 151 192 245
rawdata/0831_359.bmp 1 278 159 190 241
rawdata/0831_36.bmp 1 200 162 134 159
rawdata/0831_360.bmp 1 248 130 226 273
rawdata/0831_361.bmp 1 251 124 219 273
rawdata/0831_362.bmp 1 250 130 211 275
rawdata/0831_363.bmp 1 251 120 213 284
rawdata/0831_364.bmp 1 262 128 227 291
rawdata/0831_365.bmp 1 263 165 194 237
rawdata/0831_366.bmp 1 274 172 200 223
rawdata/0831_367.bmp 1 278 185 180 220
rawdata/0831_368.bmp 1 225 121 143 162
rawdata/0831_369.bmp 1 263 210 173 184
rawdata/0831_37.bmp 1 344 103 142 202
rawdata/0831_370.bmp 1 277 192 177 195
rawdata/0831_371.bmp 1 278 191 179 193
rawdata/0831_372.bmp 1 270 181 170 195
rawdata/0831_373.bmp 1 281 193 142 201
rawdata/0831_374.bmp 1 281 201 148 205
rawdata/0831_375.bmp 1 275 184 171 214
rawdata/0831_376.bmp 1 277 189 142 216
rawdata/0831_377.bmp 1 268 174 155 221
rawdata/0831_378.bmp 1 275 180 149 214
rawdata/0831_379.bmp 1 349 157 128 200
rawdata/0831_38.bmp 1 293 106 162 212
rawdata/0831_380.bmp 1 277 180 150 201
rawdata/0831_381.bmp 1 278 180 152 195
rawdata/0831_382.bmp 1 273 174 152 204
rawdata/0831_383.bmp 1 274 177 145 209
rawdata/0831_384.bmp 1 164 161 114 174
rawdata/0831_385.bmp 1 160 147 118 189
rawdata/0831_386.bmp 1 177 161 119 186
rawdata/0831_387.bmp 1 393 190 102 181
rawdata/0831_388.bmp 1 397 181 100 197
rawdata/0831_389.bmp 1 318 168 144 200
rawdata/0831_39.bmp 1 288 101 168 222
rawdata/0831_390.bmp 1 216 143 143 208
rawdata/0831_391.bmp 1 315 166 144 204
rawdata/0831_392.bmp 1 187 164 126 183
rawdata/0831_393.bmp 1 170 209 115 178
rawdata/0831_394.bmp 1 389 226 100 166
rawdata/0831_395.bmp 1 383 190 109 180
rawdata/0831_396.bmp 1 214 150 141 192
rawdata/0831_397.bmp 1 369 166 121 197
rawdata/0831_398.bmp 1 210 184 130 197
rawdata/0831_399.bmp 1 209 147 151 201
rawdata/0831_4.bmp 1 351 151 111 152
rawdata/0831_40.bmp 1 324 120 139 199
rawdata/0831_400.bmp 1 215 121 133 171
rawdata/0831_401.bmp 1 281 195 115 110
rawdata/0831_402.bmp 1 280 189 116 110
rawdata/0831_403.bmp 1 282 164 116 110
rawdata/0831_404.bmp 1 286 200 117 101
rawdata/0831_405.bmp 1 285 207 114 109
rawdata/0831_406.bmp 1 276 203 123 121
rawdata/0831_407.bmp 1 280 193 125 114
rawdata/0831_408.bmp 1 274 169 154 146
rawdata/0831_409.bmp 1 260 135 176 177
rawdata/0831_41.bmp 1 391 123 129 234
rawdata/0831_410.bmp 1 244 119 205 199
rawdata/0831_411.bmp 1 247 108 192 209
rawdata/0831_412.bmp 1 239 81 200 226
rawdata/0831_413.bmp 1 258 139 202 204
rawdata/0831_414.bmp 1 253 138 193 196
rawdata/0831_415.bmp 1 252 131 199 199
rawdata/0831_416.bmp 1 258 130 197 203
rawdata/0831_417.bmp 1 257 124 200 190
rawdata/0831_418.bmp 1 259 143 196 187
rawdata/0831_419.bmp 1 245 166 192 171
rawdata/0831_42.bmp 2 399 118 120 235 397 119 121 232
rawdata/0831_420.bmp 1 261 188 170 145
rawdata/0831_421.bmp 1 253 197 150 133
rawdata/0831_422.bmp 1 268 202 136 115
rawdata/0831_423.bmp 1 250 186 128 116
rawdata/0831_424.bmp 1 230 191 125 114
rawdata/0831_425.bmp 1 210 191 128 113
rawdata/0831_426.bmp 1 202 190 130 120
rawdata/0831_427.bmp 1 176 195 128 111
rawdata/0831_428.bmp 1 107 203 133 101
rawdata/0831_429.bmp 1 103 201 126 111
rawdata/0831_43.bmp 1 396 128 123 222
rawdata/0831_430.bmp 1 88 200 132 107
rawdata/0831_431.bmp 1 332 125 129 142
rawdata/0831_432.bmp 1 338 140 121 131
rawdata/0831_433.bmp 1 338 195 119 134
rawdata/0831_434.bmp 1 326 216 122 130
rawdata/0831_435.bmp 1 319 248 129 144
rawdata/0831_436.bmp 1 315 238 133 153
rawdata/0831_437.bmp 1 314 233 133 152
rawdata/0831_438.bmp 1 330 227 135 161
rawdata/0831_439.bmp 1 335 236 126 156
rawdata/0831_44.bmp 1 396 121 120 234
rawdata/0831_440.bmp 1 332 239 123 157
rawdata/0831_441.bmp 1 326 235 126 166
rawdata/0831_442.bmp 1 323 229 138 170
rawdata/0831_443.bmp 1 324 215 138 170
rawdata/0831_444.bmp 1 323 226 138 161
rawdata/0831_445.bmp 1 320 242 135 153
rawdata/0831_446.bmp 1 318 242 141 144
rawdata/0831_447.bmp 1 308 232 151 153
rawdata/0831_448.bmp 1 311 197 149 145
rawdata/0831_449.bmp 1 296 198 150 149
rawdata/0831_45.bmp 1 206 151 147 185
rawdata/0831_450.bmp 1 300 196 145 153
rawdata/0831_451.bmp 1 308 198 151 148
rawdata/0831_452.bmp 1 256 197 141 149
rawdata/0831_453.bmp 1 262 201 130 141
rawdata/0831_454.bmp 1 276 193 125 134
rawdata/0831_455.bmp 1 266 187 136 135
rawdata/0831_456.bmp 1 259 166 161 159
rawdata/0831_457.bmp 1 253 155 178 176
rawdata/0831_458.bmp 1 245 211 180 125
rawdata/0831_459.bmp 1 245 152 188 190
rawdata/0831_46.bmp 1 213 149 143 185
rawdata/0831_460.bmp 1 233 127 204 213
rawdata/0831_461.bmp 1 272 216 117 117
rawdata/0831_462.bmp 1 267 226 110 122
rawdata/0831_463.bmp 1 211 104 266 234
rawdata/0831_464.bmp 1 211 95 256 245
rawdata/0831_465.bmp 1 273 239 116 104
rawdata/0831_466.bmp 1 254 136 190 196
rawdata/0831_467.bmp 1 254 136 188 200
rawdata/0831_468.bmp 1 281 190 136 132
rawdata/0831_469.bmp 1 269 150 170 163
rawdata/0831_47.bmp 1 215 143 137 196
rawdata/0831_470.bmp 1 394 124 133 171
rawdata/0831_471.bmp 1 391 119 140 177
rawdata/0831_472.bmp 1 397 123 128 172
rawdata/0831_473.bmp 1 395 122 133 179
rawdata/0831_474.bmp 1 395 131 129 168
rawdata/0831_475.bmp 1 396 127 135 172
rawdata/0831_476.bmp 1 223 85 160 167
rawdata/0831_477.bmp 1 226 86 159 165
rawdata/0831_478.bmp 1 219 86 170 174
rawdata/0831_479.bmp 1 223 85 164 174
rawdata/0831_48.bmp 1 300 98 155 197
rawdata/0831_480.bmp 1 229 138 163 152
rawdata/0831_481.bmp 1 234 136 156 155
rawdata/0831_482.bmp 1 269 226 114 140
rawdata/0831_483.bmp 1 284 123 164 197
rawdata/0831_484.bmp 1 372 151 140 154
rawdata/0831_485.bmp 1 374 147 139 161
rawdata/0831_486.bmp 1 254 139 168 188
rawdata/0831_487.bmp 1 178 110 154 137
rawdata/0831_488.bmp 1 185 105 155 142
rawdata/0831_489.bmp 1 275 209 111 131
rawdata/0831_49.bmp 1 268 121 169 203
rawdata/0831_490.bmp 1 271 218 119 109
rawdata/0831_491.bmp 1 275 207 109 130
rawdata/0831_492.bmp 1 272 207 105 118
rawdata/0831_493.bmp 1 274 208 103 120
rawdata/0831_494.bmp 1 269 202 118 109
rawdata/0831_495.bmp 1 276 128 113 127
rawdata/0831_496.bmp 1 280 131 102 116
rawdata/0831_497.bmp 1 280 144 111 121
rawdata/0831_498.bmp 1 281 161 107 114
rawdata/0831_499.bmp 1 280 209 112 123
rawdata/0831_5.bmp 1 384 150 107 145
rawdata/0831_50.bmp 1 266 122 169 208
rawdata/0831_500.bmp 1 270 176 122 150
rawdata/0831_501.bmp 1 285 177 112 132
rawdata/0831_502.bmp 1 283 169 117 129
rawdata/0831_503.bmp 1 270 153 116 106
rawdata/0831_504.bmp 1 276 148 111 116
rawdata/0831_505.bmp 1 274 148 111 110
rawdata/0831_506.bmp 1 269 185 130 135
rawdata/0831_507.bmp 1 231 225 118 125
rawdata/0831_508.bmp 1 236 229 113 120
rawdata/0831_509.bmp 1 285 198 122 153
rawdata/0831_51.bmp 1 273 108 165 223
rawdata/0831_510.bmp 1 277 192 133 158
rawdata/0831_511.bmp 1 280 193 126 155
rawdata/0831_512.bmp 1 279 193 124 158
rawdata/0831_513.bmp 1 420 260 93 96
rawdata/0831_514.bmp 1 423 238 92 120
rawdata/0831_515.bmp 1 251 218 116 123
rawdata/0831_516.bmp 1 304 165 134 184
rawdata/0831_517.bmp 1 304 161 136 194
rawdata/0831_518.bmp 1 307 157 134 192
rawdata/0831_519.bmp 1 307 165 135 181
rawdata/0831_52.bmp 1 278 74 190 253
rawdata/0831_520.bmp 1 312 164 129 179
rawdata/0831_521.bmp 1 277 162 136 183
rawdata/0831_522.bmp 1 221 157 126 176
rawdata/0831_523.bmp 1 220 159 128 174
rawdata/0831_524.bmp 1 376 148 112 176
rawdata/0831_525.bmp 1 261 158 146 189
rawdata/0831_526.bmp 1 178 195 136 178
rawdata/0831_527.bmp 1 175 197 142 181
rawdata/0831_528.bmp 1 185 194 131 175
rawdata/0831_529.bmp 1 296 148 141 185
rawdata/0831_53.bmp 1 269 65 195 275
rawdata/0831_530.bmp 1 384 160 111 182
rawdata/0831_531.bmp 1 247 190 145 192
rawdata/0831_532.bmp 1 353 174 121 181
rawdata/0831_533.bmp 1 167 151 130 186
rawdata/0831_534.bmp 1 167 150 130 185
rawdata/0831_535.bmp 1 416 155 93 190
rawdata/0831_536.bmp 1 307 121 135 197
rawdata/0831_537.bmp 1 190 175 140 166
rawdata/0831_538.bmp 1 200 162 133 182
rawdata/0831_539.bmp 1 199 152 136 194
rawdata/0831_54.bmp 1 266 88 193 255
rawdata/0831_540.bmp 1 196 159 148 187
rawdata/0831_541.bmp 1 276 122 147 197
rawdata/0831_542.bmp 1 360 143 119 186
rawdata/0831_543.bmp 1 359 139 121 196
rawdata/0831_544.bmp 1 353 131 128 202
rawdata/0831_545.bmp 1 355 145 128 189
rawdata/0831_546.bmp 1 353 144 125 191
rawdata/0831_547.bmp 1 239 134 157 205
rawdata/0831_548.bmp 1 243 137 153 202
rawdata/0831_549.bmp 1 252 133 145 213
rawdata/0831_55.bmp 1 257 92 205 259
rawdata/0831_550.bmp 1 263 194 150 134
rawdata/0831_551.bmp 1 273 183 142 135
rawdata/0831_552.bmp 1 264 133 157 201
rawdata/0831_553.bmp 1 264 129 161 212
rawdata/0831_554.bmp 1 264 115 158 223
rawdata/0831_555.bmp 1 252 106 184 243
rawdata/0831_556.bmp 1 248 78 193 257
rawdata/0831_557.bmp 1 322 82 178 243
rawdata/0831_558.bmp 1 226 56 230 289
rawdata/0831_559.bmp 1 220 53 226 281
rawdata/0831_56.bmp 1 263 74 203 272
rawdata/0831_560.bmp 1 221 55 234 282
rawdata/0831_566.bmp 1 328 233 154 201
rawdata/0831_567.bmp 1 328 218 158 206
rawdata/0831_568.bmp 1 334 219 156 206
rawdata/0831_569.bmp 1 324 243 164 172
rawdata/0831_57.bmp 1 248 79 223 268
rawdata/0831_570.bmp 1 314 196 155 213
rawdata/0831_571.bmp 1 253 162 154 189
rawdata/0831_572.bmp 1 251 130 178 213
rawdata/0831_573.bmp 1 249 130 170 212
rawdata/0831_574.bmp 1 238 122 189 232
rawdata/0831_575.bmp 1 218 80 225 276
rawdata/0831_576.bmp 1 286 205 120 145
rawdata/0831_577.bmp 1 279 195 129 159
rawdata/0831_578.bmp 1 208 204 118 146
rawdata/0831_579.bmp 1 348 217 118 159
rawdata/0831_58.bmp 1 258 47 233 284
rawdata/0831_580.bmp 1 391 200 100 155
rawdata/0831_581.bmp 1 223 178 112 152
rawdata/0831_582.bmp 1 193 208 117 141
rawdata/0831_583.bmp 1 339 211 119 161
rawdata/0831_584.bmp 1 387 224 100 155
rawdata/0831_585.bmp 1 333 203 117 158
rawdata/0831_586.bmp 1 202 200 114 156
rawdata/0831_587.bmp 1 265 191 123 166
rawdata/0831_588.bmp 1 199 218 95 152
rawdata/0831_589.bmp 1 195 220 99 151
rawdata/0831_59.bmp 1 259 47 221 292
rawdata/0831_590.bmp 1 289 223 123 172
rawdata/0831_591.bmp 1 289 223 124 173
rawdata/0831_592.bmp 1 350 201 113 186
rawdata/0831_593.bmp 1 352 208 114 175
rawdata/0831_594.bmp 1 234 201 117 176
rawdata/0831_595.bmp 1 230 196 121 179
rawdata/0831_596.bmp 1 204 193 105 162
rawdata/0831_597.bmp 1 204 198 102 161
rawdata/0831_598.bmp 1 353 226 109 171
rawdata/0831_599.bmp 1 341 224 122 177
rawdata/0831_6.bmp 1 436 170 96 130
rawdata/0831_60.bmp 1 260 41 233 302
rawdata/0831_600.bmp 1 263 176 121 180
rawdata/0831_601.bmp 1 238 178 168 199
rawdata/0831_602.bmp 1 239 157 164 225
rawdata/0831_603.bmp 1 224 160 186 225
rawdata/0831_604.bmp 1 375 171 118 202
rawdata/0831_605.bmp 1 359 165 121 216
rawdata/0831_606.bmp 1 336 101 141 195
rawdata/0831_607.bmp 1 317 104 148 186
rawdata/0831_608.bmp 1
rawdata/0831_609.bmp 1
rawdata/0831_61.bmp 1 261 34 237 316
rawdata/0831_610.bmp 1 109 236 140 198
rawdata/0831_611.bmp 1 213 172 158 213
rawdata/0831_612.bmp 1 215 179 154 200
rawdata/0831_613.bmp 1 93 204 125 181
rawdata/0831_614.bmp 1 336 169 134 199
rawdata/0831_615.bmp 1 347 172 132 203
rawdata/0831_616.bmp 1 321 107 143 204
rawdata/0831_617.bmp 1 226 157 176 224
rawdata/0831_618.bmp 1 213 138 204 269
rawdata/0831_619.bmp 1 214 126 216 259
rawdata/0831_62.bmp 1 473 194 79 131
rawdata/0831_620.bmp 1 189 111 242 288
rawdata/0831_621.bmp 1 191 84 263 306
rawdata/0831_622.bmp 1 185 68 260 335
rawdata/0831_623.bmp 1 178 70 268 341
rawdata/0831_624.bmp 1 198 81 254 302
rawdata/0831_625.bmp 1 216 88 224 292
rawdata/0831_626.bmp 1 225 104 212 272
rawdata/0831_627.bmp 1 257 149 160 213
rawdata/0831_628.bmp 1 268 158 157 209
rawdata/0831_629.bmp 1 452 156 144 214
rawdata/0831_63.bmp 1 476 187 73 142
rawdata/0831_630.bmp 1 477 171 133 197
rawdata/0831_631.bmp 1 482 173 127 195
rawdata/0831_632.bmp 1 99 193 127 124
rawdata/0831_633.bmp 1 109 190 130 121
rawdata/0831_634.bmp 1 140 185 139 131
rawdata/0831_635.bmp 1 166 188 127 132
rawdata/0831_636.bmp 1 190 191 137 132
rawdata/0831_637.bmp 1 239 194 122 126
rawdata/0831_638.bmp 1 262 199 117 110
rawdata/0831_639.bmp 1 256 186 125 141
rawdata/0831_64.bmp 1 227 115 214 283
rawdata/0831_640.bmp 1 257 160 132 149
rawdata/0831_641.bmp 1 259 163 137 143
rawdata/0831_642.bmp 1 259 198 131 105
rawdata/0831_643.bmp 1 259 164 128 139
rawdata/0831_644.bmp 1 258 154 134 152
rawdata/0831_645.bmp 1 257 164 132 145
rawdata/0831_646.bmp 1 266 145 125 147
rawdata/0831_647.bmp 1 207 110 122 140
rawdata/0831_648.bmp 1 211 109 115 148
rawdata/0831_649.bmp 1 196 117 114 142
rawdata/0831_65.bmp 1 228 114 208 272
rawdata/0831_650.bmp 1 189 139 103 145
rawdata/0831_651.bmp 1 182 154 108 124
rawdata/0831_652.bmp 1 314 179 132 128
rawdata/0831_653.bmp 1 318 177 122 130
rawdata/0831_654.bmp 1 312 174 133 136
rawdata/0831_655.bmp 1 310 140 127 139
rawdata/0831_656.bmp 1 297 126 130 140
rawdata/0831_657.bmp 1 255 109 137 161
rawdata/0831_658.bmp 1 237 111 131 165
rawdata/0831_659.bmp 1 213 176 126 161
rawdata/0831_66.bmp 1 225 149 209 237
rawdata/0831_660.bmp 1 157 224 127 123
rawdata/0831_661.bmp 1 170 220 110 135
rawdata/0831_662.bmp 1 278 295 134 111
rawdata/0831_663.bmp 1 284 299 129 114
rawdata/0831_664.bmp 1 277 164 131 173
rawdata/0831_665.bmp 1 272 169 138 168
rawdata/0831_666.bmp 1 272 169 141 169
rawdata/0831_667.bmp 1 240 129 124 153
rawdata/0831_668.bmp 1 235 125 129 151
rawdata/0831_669.bmp 1 235 127 130 152
rawdata/0831_67.bmp 1 223 129 208 262
rawdata/0831_670.bmp 1 225 128 141 155
rawdata/0831_671.bmp 1 197 227 133 101
rawdata/0831_672.bmp 1 163 192 141 141
rawdata/0831_673.bmp 1 225 140 164 188
rawdata/0831_674.bmp 1 228 130 179 193
rawdata/0831_675.bmp 1 229 142 175 180
rawdata/0831_676.bmp 1 225 97 173 219
rawdata/0831_677.bmp 1 217 113 185 203
rawdata/0831_678.bmp 1 217 125 186 201
rawdata/0831_679.bmp 1 227 127 174 204
rawdata/0831_68.bmp 1 220 113 214 277
rawdata/0831_680.bmp 1 225 118 173 205
rawdata/0831_681.bmp 1 228 127 171 193
rawdata/0831_682.bmp 1 226 128 177 203
rawdata/0831_683.bmp 1 230 150 168 172
rawdata/0831_684.bmp 1 230 105 178 227
rawdata/0831_685.bmp 1 224 116 190 212
rawdata/0831_686.bmp 1 225 120 182 214
rawdata/0831_687.bmp 1 224 125 185 207
rawdata/0831_688.bmp 1 227 132 175 188
rawdata/0831_689.bmp 1 187 58 248 269
rawdata/0831_69.bmp 1 219 110 217 277
rawdata/0831_690.bmp 1 206 57 235 300
rawdata/0831_691.bmp 1 201 60 240 292
rawdata/0831_692.bmp 1 274 239 165 230
rawdata/0831_693.bmp 1 277 234 164 231
rawdata/0831_694.bmp 1 273 227 170 212
rawdata/0831_695.bmp 1 212 203 162 213
rawdata/0831_696.bmp 1 196 205 166 213
rawdata/0831_697.bmp 1 187 208 163 196
rawdata/0831_698.bmp 1 203 218 166 185
rawdata/0831_699.bmp 1 232 205 172 201
rawdata/0831_7.bmp 1 309 149 128 177
rawdata/0831_70.bmp 1 221 104 216 291
rawdata/0831_700.bmp 1 230 170 170 217
rawdata/0831_701.bmp 1 184 136 119 181
rawdata/0831_702.bmp 1 379 169 150 194
rawdata/0831_703.bmp 1 406 177 122 182
rawdata/0831_704.bmp 1 433 210 102 168
rawdata/0831_705.bmp 1 435 214 95 158
rawdata/0831_706.bmp 1 206 145 112 123
rawdata/0831_707.bmp 1 205 133 103 169
rawdata/0831_708.bmp 1 295 201 146 198
rawdata/0831_709.bmp 1 287 199 148 185
rawdata/0831_71.bmp 1 217 106 223 287
rawdata/0831_710.bmp 1 291 201 142 189
rawdata/0831_711.bmp 1 288 203 148 188
rawdata/0831_712.bmp 1 277 216 163 191
rawdata/0831_713.bmp 1 284 203 153 199
rawdata/0831_714.bmp 1 286 201 159 203
rawdata/0831_715.bmp 1 278 209 167 194
rawdata/0831_716.bmp 1 278 209 171 197
rawdata/0831_717.bmp 1 269 175 198 250
rawdata/0831_718.bmp 1 259 188 197 253
rawdata/0831_719.bmp 1
rawdata/0831_72.bmp 1 225 106 222 294
rawdata/0831_720.bmp 1 273 180 189 248
rawdata/0831_721.bmp 1 276 177 177 237
rawdata/0831_722.bmp 1 265 178 190 240
rawdata/0831_723.bmp 1 271 181 179 229
rawdata/0831_724.bmp 1 268 167 182 237
rawdata/0831_725.bmp 1 280 156 184 235
rawdata/0831_726.bmp 1 269 176 189 235
rawdata/0831_727.bmp 1 271 170 179 233
rawdata/0831_728.bmp 1 188 165 194 229
rawdata/0831_729.bmp 1 164 161 194 235
rawdata/0831_73.bmp 1 218 97 233 293
rawdata/0831_730.bmp 1 133 159 185 240
rawdata/0831_731.bmp 1 89 167 180 228
rawdata/0831_732.bmp 1 69 169 167 225
rawdata/0831_733.bmp 1 385 126 177 231
rawdata/0831_734.bmp 1 369 144 178 231
rawdata/0831_735.bmp 1 476 226 124 164
rawdata/0831_736.bmp 1 451 207 131 192
rawdata/0831_737.bmp 1 372 140 156 174
rawdata/0831_738.bmp 1 387 205 158 196
rawdata/0831_739.bmp 1 390 203 145 193
rawdata/0831_74.bmp 1 216 93 231 294
rawdata/0831_740.bmp 1 386 196 155 197
rawdata/0831_741.bmp 1 351 199 160 199
rawdata/0831_742.bmp 1 325 198 163 198
rawdata/0831_743.bmp 1 342 209 154 200
rawdata/0831_744.bmp 1 334 211 156 194
rawdata/0831_745.bmp 1 287 133 159 195
rawdata/0831_746.bmp 1 334 217 155 203
rawdata/0831_747.bmp 1 351 220 151 201
rawdata/0831_748.bmp 1 352 220 150 205
rawdata/0831_749.bmp 1 309 217 161 202
rawdata/0831_75.bmp 1 231 147 188 235
rawdata/0831_750.bmp 1 259 214 159 198
rawdata/0831_751.bmp 1 256 226 156 186
rawdata/0831_752.bmp 1 253 202 154 207
rawdata/0831_753.bmp 1 248 220 162 180
rawdata/0831_755.bmp 1 246 197 163 204
rawdata/0831_756.bmp 1 133 144 126 126
rawdata/0831_757.bmp 1 128 146 94 141
rawdata/0831_758.bmp 1 129 137 96 157
rawdata/0831_759.bmp 1 315 152 156 195
rawdata/0831_76.bmp 1 249 156 160 216
rawdata/0831_760.bmp 1 364 159 120 189
rawdata/0831_761.bmp 1 376 164 116 184
rawdata/0831_762.bmp 1 370 167 116 193
rawdata/0831_763.bmp 1 362 170 121 189
rawdata/0831_764.bmp 1 133 152 114 173
rawdata/0831_765.bmp 1 127 152 101 160
rawdata/0831_766.bmp 1 138 140 120 143
rawdata/0831_767.bmp 1 135 150 109 136
rawdata/0831_768.bmp 1 133 140 94 154
rawdata/0831_769.bmp 1 134 136 109 147
rawdata/0831_77.bmp 1 256 177 149 199
rawdata/0831_770.bmp 1 345 195 123 173
rawdata/0831_771.bmp 1 365 191 123 190
rawdata/0831_772.bmp 1 376 198 121 162
rawdata/0831_773.bmp 1 381 199 114 170
rawdata/0831_774.bmp 1 384 197 101 179
rawdata/0831_775.bmp 1 159 110 154 118
rawdata/0831_776.bmp 1 231 199 171 201
rawdata/0831_777.bmp 1 233 198 161 202
rawdata/0831_778.bmp 1 260 181 148 201
rawdata/0831_779.bmp 1 250 193 157 205
rawdata/0831_78.bmp 1 181 176 146 194
rawdata/0831_780.bmp 1 257 196 156 202
rawdata/0831_781.bmp 1 223 164 203 267
rawdata/0831_782.bmp 1 230 182 186 240
rawdata/0831_783.bmp 1 228 170 197 236
rawdata/0831_784.bmp 1 203 151 229 241
rawdata/0831_785.bmp 1 203 111 231 293
rawdata/0831_786.bmp 1 241 289 180 193
rawdata/0831_787.bmp 1 280 262 141 163
rawdata/0831_788.bmp 1 275 193 141 184
rawdata/0831_789.bmp 1 276 191 135 173
rawdata/0831_79.bmp 1 167 167 150 206
rawdata/0831_790.bmp 1 269 222 149 163
rawdata/0831_791.bmp 1 271 253 134 177
rawdata/0831_792.bmp 1 241 273 193 212
rawdata/0831_793.bmp 1 257 247 186 233
rawdata/0831_794.bmp 2 410 172 100 160
rawdata/0831_795.bmp 1 431 165 105 168
rawdata/0831_796.bmp 1 205 137 122 172
rawdata/0831_797.bmp 1 196 146 115 171
rawdata/0831_798.bmp 1 193 148 118 171
rawdata/0831_799.bmp 1 208 136 111 136
rawdata/0831_8.bmp 1 296 143 135 185
rawdata/0831_80.bmp 1 156 160 164 206
rawdata/0831_800.bmp 1 193 127 128 173
rawdata/0831_801.bmp 1 258 159 192 243
rawdata/0831_802.bmp 1 273 159 181 251
rawdata/0831_803.bmp 1 274 160 174 250
rawdata/0831_804.bmp 1 273 129 205 318
rawdata/0831_805.bmp 1 275 141 210 323
rawdata/0831_806.bmp 1 270 153 198 285
rawdata/0831_807.bmp 1 330 171 164 252
rawdata/0831_808.bmp 1 362 174 165 248
rawdata/0831_809.bmp 1 379 174 169 243
rawdata/0831_81.bmp 1 158 173 160 195
rawdata/0831_810.bmp 1 393 172 164 244
rawdata/0831_811.bmp 1 367 169 167 250
rawdata/0831_812.bmp 1 361 165 165 262
rawdata/0831_813.bmp 1 358 169 165 255
rawdata/0831_814.bmp 1 317 175 171 248
rawdata/0831_815.bmp 1 183 175 176 246
rawdata/0831_816.bmp 1 186 175 174 239
rawdata/0831_817.bmp 1 210 170 174 243
rawdata/0831_818.bmp 1 251 152 163 224
rawdata/0831_819.bmp 1 252 147 162 229
rawdata/0831_82.bmp 1 144 167 158 196
rawdata/0831_820.bmp 1 242 142 182 236
rawdata/0831_821.bmp 1 249 146 170 236
rawdata/0831_822.bmp 1 275 164 180 216
rawdata/0831_823.bmp 1 274 141 188 245
rawdata/0831_824.bmp 1 268 114 192 270
rawdata/0831_825.bmp 1 260 81 231 340
rawdata/0831_826.bmp 1 257 83 232 333
rawdata/0831_827.bmp 1 286 134 177 256
rawdata/0831_828.bmp 1 315 223 102 119
rawdata/0831_829.bmp 1 324 226 90 122
rawdata/0831_83.bmp 1 145 168 161 199
rawdata/0831_830.bmp 1 381 248 92 134
rawdata/0831_831.bmp 1 408 248 92 130
rawdata/0831_832.bmp 1 378 89 126 158
rawdata/0831_833.bmp 1 249 83 118 148
rawdata/0831_834.bmp 1 240 93 109 150
rawdata/0831_835.bmp 1 228 110 110 145
rawdata/0831_836.bmp 1 226 126 111 152
rawdata/0831_837.bmp 1 228 147 111 160
rawdata/0831_838.bmp 1 244 209 112 156
rawdata/0831_839.bmp 1 323 316 120 164
rawdata/0831_84.bmp 1 409 131 147 198
rawdata/0831_840.bmp 1 312 304 140 172
rawdata/0831_841.bmp 1 337 154 150 197
rawdata/0831_842.bmp 1 329 148 140 199
rawdata/0831_843.bmp 1 301 164 139 201
rawdata/0831_844.bmp 1 265 207 148 196
rawdata/0831_845.bmp 1 245 180 159 206
rawdata/0831_846.bmp 1 226 182 152 202
rawdata/0831_847.bmp 1 195 193 154 196
rawdata/0831_848.bmp 1 186 190 140 197
rawdata/0831_849.bmp 1 166 167 137 192
rawdata/0831_85.bmp 1 401 138 155 182
rawdata/0831_850.bmp 1 138 154 138 186
rawdata/0831_851.bmp 1 108 177 138 188
rawdata/0831_852.bmp 1 97 202 138 191
rawdata/0831_853.bmp 1 76 177 136 196
rawdata/0831_854.bmp 1 463 185 136 229
rawdata/0831_855.bmp 1 418 189 161 232
rawdata/0831_856.bmp 1 387 198 167 230
rawdata/0831_857.bmp 1 382 185 164 242
rawdata/0831_858.bmp 1 334 198 173 237
rawdata/0831_859.bmp 1 327 195 171 241
rawdata/0831_86.bmp 1 412 134 143 187
rawdata/0831_860.bmp 1 322 200 178 239
rawdata/0831_861.bmp 1 332 197 166 238
rawdata/0831_862.bmp 1 240 211 162 238
rawdata/0831_863.bmp 1 133 214 168 218
rawdata/0831_864.bmp 1 139 214 158 218
rawdata/0831_865.bmp 1 135 208 152 222
rawdata/0831_866.bmp 1 134 209 150 220
rawdata/0831_867.bmp 1 136 214 153 216
rawdata/0831_868.bmp 1 144 184 161 223
rawdata/0831_869.bmp 1 147 180 152 225
rawdata/0831_87.bmp 1 400 134 142 191
rawdata/0831_870.bmp 1 111 178 165 223
rawdata/0831_871.bmp 1 109 168 167 230
rawdata/0831_872.bmp 1 113 175 159 221
rawdata/0831_873.bmp 1 95 167 187 227
rawdata/0831_874.bmp 1 141 139 162 238
rawdata/0831_875.bmp 1 144 146 196 243
rawdata/0831_876.bmp 1 269 167 175 238
rawdata/0831_877.bmp 1 260 124 216 286
rawdata/0831_879.bmp 1 105 91 224 326
rawdata/0831_88.bmp 1 369 126 159 205
rawdata/0831_880.bmp 1 101 95 241 327
rawdata/0831_881.bmp 1 237 113 225 298
rawdata/0831_882.bmp 1 239 118 214 290
rawdata/0831_883.bmp 1 105 149 139 187
rawdata/0831_884.bmp 1 155 143 163 204
rawdata/0831_885.bmp 1 202 149 156 211
rawdata/0831_886.bmp 1 283 160 135 186
rawdata/0831_887.bmp 1 311 166 157 213
rawdata/0831_888.bmp 1 286 166 155 211
rawdata/0831_889.bmp 1 240 170 157 196
rawdata/0831_89.bmp 1 365 130 162 190
rawdata/0831_890.bmp 1 308 159 167 207
rawdata/0831_891.bmp 1 317 158 156 199
rawdata/0831_892.bmp 1 273 191 153 228
rawdata/0831_893.bmp 1 203 196 140 189
rawdata/0831_894.bmp 1 268 237 163 223
rawdata/0831_895.bmp 1 267 243 170 209
rawdata/0831_896.bmp 1 290 268 158 212
rawdata/0831_897.bmp 1 287 282 165 194
rawdata/0831_898.bmp 1 291 295 165 185
rawdata/0831_899.bmp 1 301 283 146 203
rawdata/0831_9.bmp 1 305 158 124 165
rawdata/0831_90.bmp 1 373 119 151 213
rawdata/0831_900.bmp 1 293 275 163 206
rawdata/0831_901.bmp 1 253 193 131 146
rawdata/0831_902.bmp 1 243 161 143 185
rawdata/0831_903.bmp 1 241 342 106 138
rawdata/0831_904.bmp 1 246 159 136 192
rawdata/0831_906.bmp 1 355 179 109 175
rawdata/0831_907.bmp 1 151 182 109 171
rawdata/0831_908.bmp 1 330 218 119 136
rawdata/0831_909.bmp 1 331 186 121 164
rawdata/0831_91.bmp 1 356 142 168 200
rawdata/0831_910.bmp 1 173 157 120 160
rawdata/0831_911.bmp 1 176 146 116 169
rawdata/0831_912.bmp 1 178 118 119 164
rawdata/0831_913.bmp 1 176 113 123 171
rawdata/0831_914.bmp 1 285 180 128 172
rawdata/0831_915.bmp 1 155 140 134 178
rawdata/0831_916.bmp 1 163 141 118 186
rawdata/0831_917.bmp 1 166 142 122 175
rawdata/0831_918.bmp 1 159 158 122 159
rawdata/0831_919.bmp 1 329 179 109 150
rawdata/0831_92.bmp 1 313 144 165 208
rawdata/0831_920.bmp 1 325 151 120 181
rawdata/0831_921.bmp 1 304 124 128 183
rawdata/0831_922.bmp 1 161 140 131 176
rawdata/0831_923.bmp 1 156 156 119 181
rawdata/0831_924.bmp 1 142 152 139 174
rawdata/0831_925.bmp 1 315 212 120 146
rawdata/0831_926.bmp 1 153 214 141 132
rawdata/0831_927.bmp 1 146 195 121 145
rawdata/0831_928.bmp 1 301 209 119 145
rawdata/0831_929.bmp 1 246 353 115 133
rawdata/0831_93.bmp 1 269 140 157 228
rawdata/0831_930.bmp 1 246 349 119 133
rawdata/0831_931.bmp 1 147 14 172 215
rawdata/0831_932.bmp 1 235 170 179 196
rawdata/0831_933.bmp 1 183 64 204 261
rawdata/0831_934.bmp 1 197 80 203 249
rawdata/0831_935.bmp 1 196 74 201 260
rawdata/0831_936.bmp 1 235 86 201 270
rawdata/0831_937.bmp 1 231 88 208 264
rawdata/0831_938.bmp 1 236 94 205 248
rawdata/0831_939.bmp 1 231 87 205 262
rawdata/0831_94.bmp 1 278 151 152 206
rawdata/0831_940.bmp 1 231 70 210 280
rawdata/0831_941.bmp 1 234 123 214 236
rawdata/0831_942.bmp 1 244 221 128 173
rawdata/0831_943.bmp 1 381 180 147 176
rawdata/0831_944.bmp 1 420 179 132 179
rawdata/0831_945.bmp 1 82 151 137 154
rawdata/0831_946.bmp 1 90 138 148 178
rawdata/0831_947.bmp 1 165 137 143 173
rawdata/0831_948.bmp 1 253 148 128 168
rawdata/0831_949.bmp 1 254 160 126 161
rawdata/0831_95.bmp 1 270 153 166 213
rawdata/0831_950.bmp 1 248 211 134 184
rawdata/0831_951.bmp 1 264 158 145 163
rawdata/0831_952.bmp 1 271 160 129 167
rawdata/0831_953.bmp 1 270 142 129 185
rawdata/0831_954.bmp 1 250 210 123 185
rawdata/0831_955.bmp 1 264 150 135 179
rawdata/0831_956.bmp 1 262 150 143 176
rawdata/0831_957.bmp 1 263 161 142 165
rawdata/0831_958.bmp 1 399 148 98 173
rawdata/0831_959.bmp 1 187 150 115 177
rawdata/0831_96.bmp 1 277 161 159 202
rawdata/0831_960.bmp 1 328 101 128 168
rawdata/0831_961.bmp 1 326 100 128 167
rawdata/0831_962.bmp 1 229 142 136 187
rawdata/0831_963.bmp 1 231 154 142 175
rawdata/0831_964.bmp 1 378 252 108 124
rawdata/0831_965.bmp 1 198 139 118 175
rawdata/0831_966.bmp 1 385 188 101 152
rawdata/0831_967.bmp 1 372 165 125 180
rawdata/0831_968.bmp 1 268 88 151 191
rawdata/0831_969.bmp 1 248 127 147 189
rawdata/0831_97.bmp 1 269 147 155 195
rawdata/0831_970.bmp 1 373 210 114 141
rawdata/0831_971.bmp 1 301 147 148 156
rawdata/0831_972.bmp 1 310 142 130 159
rawdata/0831_973.bmp 1 305 130 135 180
rawdata/0831_974.bmp 1 355 101 124 197
rawdata/0831_975.bmp 1 267 161 137 166
rawdata/0831_976.bmp 1 264 164 142 169
rawdata/0831_977.bmp 1 273 163 134 160
rawdata/0831_978.bmp 1 269 167 137 159
rawdata/0831_979.bmp 1 266 165 144 164
rawdata/0831_98.bmp 1 258 138 169 213
rawdata/0831_980.bmp 1 246 139 172 199
rawdata/0831_981.bmp 1 242 110 182 216
rawdata/0831_982.bmp 1 245 124 180 230
rawdata/0831_983.bmp 1 241 125 184 218
rawdata/0831_984.bmp 1 246 128 176 222
rawdata/0831_985.bmp 1 240 111 190 240
rawdata/0831_986.bmp 1 238 106 193 237
rawdata/0831_987.bmp 1 241 101 186 241
rawdata/0831_988.bmp 1 240 107 185 236
rawdata/0831_989.bmp 1 235 123 193 232
rawdata/0831_99.bmp 1 255 159 147 203
rawdata/0831_990.bmp 1 244 139 167 214
rawdata/0831_991.bmp 1 241 128 167 219
rawdata/0831_992.bmp 1 242 137 166 210
rawdata/0831_993.bmp 1 241 139 166 216
rawdata/0831_994.bmp 1 240 136 165 213
rawdata/0831_996.bmp 1 348 266 80 123
rawdata/0831_997.bmp 1 293 197 99 142
rawdata/0831_998.bmp 1 256 264 117 144
rawdata/0831_999.bmp 1 249 331 129 150
rawdata/0831_125.bmp 1 370 166 106 190
rawdata/0831_127.bmp 1 349 155 119 189
rawdata/0831_128.bmp 1 350 156 118 189
rawdata/0831_608.bmp 1 165 93 152 202
rawdata/0831_609.bmp 1 153 96 160 193
rawdata/0831_719.bmp 1 385 209 142 161
